0.0 9.5258564880752
0.23446525363702264 8.653183520599251
2.0000000000000004 9.44892221180881
3.3219280948873626 9.79742033383915
1.5145731728297585 9.299196787148594
0.6214883767462704 8.951474785918172
0.4150374992788439 8.816901408450704
1.0 9.068228105906314
2.7369655941662066 9.687719298245614
0.3219280948873626 8.745065789473685
2.3219280948873626 9.561206896551724
0.8624964762500649 9.006091370558376
0.15200309344505047 8.559872611464968
0.07400058144377741 8.410364145658264
1.7369655941662066 9.358433734939759
0.5145731728297589 8.865686274509804
4.321928094887363 10.14166168559474
0.7369655941662061 8.9990099009901
1.15200309344505 9.202586206896552
1.3219280948873626 9.241114313160423

