0.0 9.36980449313967
1.3219280948873626 9.0
2.3219280948873626 9.027848101265823
3.3219280948873626 9.970588235294118
4.321928094887363 10.036132315521629
0.5145731728297589 9.0
0.07400058144377741 8.0
1.7369655941662066 9.0
0.15200309344505047 8.0
0.3219280948873626 9.0
0.4150374992788439 9.0
2.0000000000000004 9.001108647450112
0.8624964762500649 9.0
0.6214883767462704 9.0
2.7369655941662066 9.502487562189055
1.0 9.0
0.23446525363702264 8.0
1.5145731728297585 9.0
0.7369655941662061 9.0
1.15200309344505 9.0
